region	layer	chamber	VFAT	reason_mask
M	1	1	11	2
M	1	9	19	2
M	1	12	0	1
M	1	12	1	1
M	1	12	2	1
M	1	12	3	1
M	1	12	4	1
M	1	12	5	1
M	1	12	6	1
M	1	12	7	1
M	1	12	8	1
M	1	12	9	1
M	1	12	10	1
M	1	12	11	1
M	1	12	12	1
M	1	12	13	1
M	1	12	14	1
M	1	12	15	1
M	1	12	16	1
M	1	12	17	1
M	1	12	18	1
M	1	12	19	1
M	1	12	20	1
M	1	12	21	1
M	1	12	22	1
M	1	12	23	1
M	1	14	0	2
M	1	15	19	2
M	1	17	21	2
M	1	20	6	2
M	1	21	19	2
M	1	24	23	2
M	1	25	6	2
M	1	26	22	2
M	1	27	13	2
M	1	29	9	1
M	1	29	10	1
M	1	29	11	1
M	1	29	17	1
M	1	29	18	1
M	1	29	19	1
M	1	29	20	1
M	1	29	21	1
M	1	29	22	1
M	1	34	22	2
M	1	35	22	2
M	1	36	7	1
M	2	1	8	2
M	2	2	7	2
M	2	3	4	2
M	2	4	23	2
M	2	7	12	2
M	2	8	16	2
M	2	9	11	2
M	2	11	2	2
M	2	12	6	2
M	2	13	11	2
M	2	14	0	1
M	2	14	1	1
M	2	14	2	1
M	2	14	3	1
M	2	14	4	1
M	2	14	5	1
M	2	14	6	1
M	2	14	7	1
M	2	14	8	1
M	2	14	9	1
M	2	14	10	1
M	2	14	11	1
M	2	14	12	1
M	2	14	13	1
M	2	14	14	1
M	2	14	15	1
M	2	14	16	1
M	2	14	17	1
M	2	14	18	1
M	2	14	19	1
M	2	14	20	1
M	2	14	21	1
M	2	14	22	1
M	2	14	23	1
M	2	15	11	2
M	2	18	22	2
M	2	19	11	2
M	2	20	22	2
M	2	24	7	2
M	2	25	0	1
M	2	25	1	1
M	2	25	2	1
M	2	25	3	1
M	2	25	4	1
M	2	25	5	1
M	2	25	6	1
M	2	25	7	1
M	2	25	8	1
M	2	25	9	1
M	2	25	10	1
M	2	25	11	1
M	2	25	12	1
M	2	25	13	1
M	2	25	14	1
M	2	25	15	1
M	2	25	16	1
M	2	25	17	1
M	2	25	18	1
M	2	25	19	1
M	2	25	20	1
M	2	25	21	1
M	2	25	22	1
M	2	25	23	1
M	2	26	22	2
M	2	27	0	1
M	2	27	1	1
M	2	27	2	1
M	2	27	3	1
M	2	27	4	1
M	2	27	5	1
M	2	27	6	1
M	2	27	7	1
M	2	27	8	1
M	2	27	9	1
M	2	27	10	1
M	2	27	11	1
M	2	27	12	1
M	2	27	13	1
M	2	27	14	1
M	2	27	15	1
M	2	27	16	1
M	2	27	17	1
M	2	27	18	1
M	2	27	19	1
M	2	27	20	1
M	2	27	21	1
M	2	27	22	1
M	2	27	23	1
M	2	28	7	2
M	2	29	0	1
M	2	29	1	1
M	2	29	2	1
M	2	29	3	1
M	2	29	4	1
M	2	29	5	1
M	2	29	6	1
M	2	29	8	1
M	2	29	16	1
M	2	31	23	2
M	2	32	22	2
M	2	36	22	2
P	1	1	13	2
P	1	2	0	1
P	1	2	1	1
P	1	2	2	1
P	1	2	3	1
P	1	2	4	1
P	1	2	5	1
P	1	2	6	1
P	1	2	7	1
P	1	2	8	1
P	1	2	9	1
P	1	2	10	1
P	1	2	11	1
P	1	2	12	1
P	1	2	13	1
P	1	2	14	1
P	1	2	15	1
P	1	2	16	1
P	1	2	17	1
P	1	2	18	1
P	1	2	19	1
P	1	2	20	1
P	1	2	21	1
P	1	2	22	1
P	1	2	23	1
P	1	3	19	2
P	1	4	14	2
P	1	5	1	1
P	1	5	11	2
P	1	7	0	1
P	1	7	1	1
P	1	7	2	1
P	1	7	3	1
P	1	7	4	1
P	1	7	5	1
P	1	7	6	1
P	1	7	7	1
P	1	7	8	1
P	1	7	9	1
P	1	7	10	1
P	1	7	11	1
P	1	7	12	1
P	1	7	13	1
P	1	7	14	1
P	1	7	15	1
P	1	7	16	1
P	1	7	17	1
P	1	7	18	1
P	1	7	19	1
P	1	7	20	1
P	1	7	21	1
P	1	7	22	1
P	1	7	23	1
P	1	8	7	2
P	1	9	14	2
P	1	11	6	2
P	1	13	4	2
P	1	14	9	1
P	1	14	10	1
P	1	14	11	1
P	1	14	17	1
P	1	14	18	1
P	1	14	19	1
P	1	14	20	1
P	1	14	21	1
P	1	14	22	1
P	1	16	0	1
P	1	16	1	1
P	1	16	2	1
P	1	16	3	1
P	1	16	4	1
P	1	16	5	1
P	1	16	6	1
P	1	16	7	1
P	1	16	8	1
P	1	16	9	1
P	1	16	10	1
P	1	16	11	1
P	1	16	12	1
P	1	16	13	1
P	1	16	14	1
P	1	16	15	1
P	1	16	16	1
P	1	16	17	1
P	1	16	18	1
P	1	16	19	1
P	1	16	20	1
P	1	16	21	1
P	1	16	22	1
P	1	16	23	1
P	1	17	11	2
P	1	19	5	2
P	1	20	1	2
P	1	21	9	1
P	1	21	10	1
P	1	21	11	1
P	1	21	17	1
P	1	21	18	1
P	1	21	19	1
P	1	21	20	1
P	1	21	21	1
P	1	21	22	1
P	1	23	19	2
P	1	24	22	2
P	1	25	13	2
P	1	26	0	1
P	1	26	1	1
P	1	26	2	1
P	1	26	3	1
P	1	26	4	1
P	1	26	5	1
P	1	26	6	1
P	1	26	7	1
P	1	26	8	1
P	1	26	16	1
P	1	27	0	1
P	1	27	1	1
P	1	27	2	1
P	1	27	3	1
P	1	27	4	1
P	1	27	5	1
P	1	27	6	1
P	1	27	8	1
P	1	27	16	1
P	1	28	4	2
P	1	30	22	2
P	1	31	13	2
P	1	32	7	2
P	1	33	13	2
P	1	34	14	2
P	1	35	13	2
P	1	36	23	2
P	2	1	13	2
P	2	3	8	1
P	2	3	10	1
P	2	3	7	2
P	2	4	2	1
P	2	4	5	1
P	2	4	15	2
P	2	6	0	1
P	2	6	1	1
P	2	6	2	1
P	2	6	3	1
P	2	6	4	1
P	2	6	5	1
P	2	6	6	1
P	2	6	7	1
P	2	6	8	1
P	2	6	9	1
P	2	6	10	1
P	2	6	11	1
P	2	6	12	1
P	2	6	13	1
P	2	6	14	1
P	2	6	15	1
P	2	6	16	1
P	2	6	17	1
P	2	6	18	1
P	2	6	19	1
P	2	6	20	1
P	2	6	21	1
P	2	6	22	1
P	2	6	23	1
P	2	7	4	2
P	2	9	6	2
P	2	10	6	2
P	2	11	2	1
P	2	11	11	2
P	2	13	13	2
P	2	15	11	2
P	2	16	22	2
P	2	19	13	2
P	2	20	0	1
P	2	20	1	1
P	2	20	2	1
P	2	20	3	1
P	2	20	4	1
P	2	20	5	1
P	2	20	6	1
P	2	20	7	1
P	2	20	8	1
P	2	20	9	1
P	2	20	10	1
P	2	20	11	1
P	2	20	12	1
P	2	20	13	1
P	2	20	14	1
P	2	20	15	1
P	2	20	16	1
P	2	20	17	1
P	2	20	18	1
P	2	20	19	1
P	2	20	20	1
P	2	20	21	1
P	2	20	22	1
P	2	20	23	1
P	2	21	0	1
P	2	21	1	1
P	2	21	2	1
P	2	21	3	1
P	2	21	4	1
P	2	21	5	1
P	2	21	6	1
P	2	21	7	1
P	2	21	8	1
P	2	21	9	1
P	2	21	10	1
P	2	21	11	1
P	2	21	12	1
P	2	21	13	1
P	2	21	14	1
P	2	21	15	1
P	2	21	16	1
P	2	21	17	1
P	2	21	18	1
P	2	21	19	1
P	2	21	20	1
P	2	21	21	1
P	2	21	22	1
P	2	21	23	1
P	2	22	22	2
P	2	23	13	2
P	2	24	9	1
P	2	24	10	1
P	2	24	11	1
P	2	24	17	1
P	2	24	18	1
P	2	24	19	1
P	2	24	20	1
P	2	24	21	1
P	2	24	22	1
P	2	28	15	2
P	2	29	11	2
P	2	31	11	2
P	2	33	13	2
P	2	35	22	2
P	2	36	11	2
