region	layer	chamber	VFAT	reason_mask
M	1	1	11	2
M	1	2	0	1
M	1	2	1	1
M	1	2	2	1
M	1	2	3	1
M	1	2	4	1
M	1	2	5	1
M	1	2	6	1
M	1	2	7	1
M	1	2	8	1
M	1	2	9	1
M	1	2	10	1
M	1	2	11	1
M	1	2	12	1
M	1	2	13	1
M	1	2	14	1
M	1	2	15	1
M	1	2	16	1
M	1	2	17	1
M	1	2	18	1
M	1	2	19	1
M	1	2	20	1
M	1	2	21	1
M	1	2	22	1
M	1	2	23	1
M	1	5	8	1
M	1	5	12	2
M	1	8	23	2
M	1	10	20	2
M	1	14	0	2
M	1	17	21	2
M	1	18	23	2
M	1	19	23	2
M	1	20	6	2
M	1	21	16	2
M	1	22	23	2
M	1	25	6	2
M	1	26	0	1
M	1	26	1	1
M	1	26	2	1
M	1	26	3	1
M	1	26	4	1
M	1	26	5	1
M	1	26	6	1
M	1	26	7	1
M	1	26	8	1
M	1	26	9	1
M	1	26	10	1
M	1	26	11	1
M	1	26	12	1
M	1	26	13	1
M	1	26	14	1
M	1	26	15	1
M	1	26	16	1
M	1	26	17	1
M	1	26	18	1
M	1	26	19	1
M	1	26	20	1
M	1	26	21	1
M	1	26	22	1
M	1	26	23	1
M	1	27	0	1
M	1	27	1	1
M	1	27	2	1
M	1	27	3	1
M	1	27	4	1
M	1	27	5	1
M	1	27	6	1
M	1	27	7	1
M	1	27	8	1
M	1	27	9	1
M	1	27	10	1
M	1	27	11	1
M	1	27	12	1
M	1	27	13	1
M	1	27	14	1
M	1	27	15	1
M	1	27	16	1
M	1	27	17	1
M	1	27	18	1
M	1	27	19	1
M	1	27	20	1
M	1	27	21	1
M	1	27	22	1
M	1	27	23	1
M	1	29	0	1
M	1	29	1	1
M	1	29	2	1
M	1	29	3	1
M	1	29	4	1
M	1	29	5	1
M	1	29	6	1
M	1	29	7	1
M	1	29	8	1
M	1	29	9	1
M	1	29	10	1
M	1	29	11	1
M	1	29	12	1
M	1	29	13	1
M	1	29	14	1
M	1	29	15	1
M	1	29	16	1
M	1	29	17	1
M	1	29	18	1
M	1	29	19	1
M	1	29	20	1
M	1	29	21	1
M	1	29	22	1
M	1	29	23	1
M	1	33	15	1
M	1	33	7	2
M	1	35	8	1
M	1	35	9	1
M	1	35	22	2
M	1	36	7	1
M	2	1	8	2
M	2	3	4	2
M	2	4	23	2
M	2	5	0	1
M	2	5	1	1
M	2	5	2	1
M	2	5	3	1
M	2	5	4	1
M	2	5	5	1
M	2	5	6	1
M	2	5	7	1
M	2	5	8	1
M	2	5	9	1
M	2	5	10	1
M	2	5	11	1
M	2	5	12	1
M	2	5	13	1
M	2	5	14	1
M	2	5	15	1
M	2	5	16	1
M	2	5	17	1
M	2	5	18	1
M	2	5	19	1
M	2	5	20	1
M	2	5	21	1
M	2	5	22	1
M	2	5	23	1
M	2	6	0	1
M	2	6	1	1
M	2	6	2	1
M	2	6	3	1
M	2	6	4	1
M	2	6	5	1
M	2	6	6	1
M	2	6	7	1
M	2	6	8	1
M	2	6	9	1
M	2	6	10	1
M	2	6	11	1
M	2	6	12	1
M	2	6	13	1
M	2	6	14	1
M	2	6	15	1
M	2	6	16	1
M	2	6	17	1
M	2	6	18	1
M	2	6	19	1
M	2	6	20	1
M	2	6	21	1
M	2	6	22	1
M	2	6	23	1
M	2	9	11	2
M	2	12	6	2
M	2	13	11	2
M	2	14	0	1
M	2	14	1	1
M	2	14	2	1
M	2	14	3	1
M	2	14	4	1
M	2	14	5	1
M	2	14	6	1
M	2	14	7	1
M	2	14	8	1
M	2	14	9	1
M	2	14	10	1
M	2	14	11	1
M	2	14	12	1
M	2	14	13	1
M	2	14	14	1
M	2	14	15	1
M	2	14	16	1
M	2	14	17	1
M	2	14	18	1
M	2	14	19	1
M	2	14	20	1
M	2	14	21	1
M	2	14	22	1
M	2	14	23	1
M	2	15	11	2
M	2	18	22	2
M	2	19	11	2
M	2	20	0	1
M	2	20	1	1
M	2	20	2	1
M	2	20	3	1
M	2	20	4	1
M	2	20	5	1
M	2	20	6	1
M	2	20	7	1
M	2	20	8	1
M	2	20	9	1
M	2	20	10	1
M	2	20	11	1
M	2	20	12	1
M	2	20	13	1
M	2	20	14	1
M	2	20	15	1
M	2	20	16	1
M	2	20	17	1
M	2	20	18	1
M	2	20	19	1
M	2	20	20	1
M	2	20	21	1
M	2	20	22	1
M	2	20	23	1
M	2	21	22	2
M	2	22	22	2
M	2	26	22	2
M	2	28	7	2
M	2	31	23	2
M	2	32	23	2
M	2	33	5	2
M	2	36	22	2
P	1	1	13	2
P	1	2	6	2
P	1	3	8	1
P	1	3	9	1
P	1	3	10	1
P	1	3	19	2
P	1	4	14	2
P	1	5	6	2
P	1	7	7	1
P	1	7	12	1
P	1	7	13	1
P	1	7	14	1
P	1	7	15	1
P	1	7	23	1
P	1	8	7	2
P	1	12	12	1
P	1	12	7	2
P	1	13	4	2
P	1	14	0	1
P	1	14	1	1
P	1	14	2	1
P	1	14	3	1
P	1	14	4	1
P	1	14	5	1
P	1	14	6	1
P	1	14	7	1
P	1	14	8	1
P	1	14	9	1
P	1	14	10	1
P	1	14	11	1
P	1	14	12	1
P	1	14	13	1
P	1	14	14	1
P	1	14	15	1
P	1	14	16	1
P	1	14	17	1
P	1	14	18	1
P	1	14	19	1
P	1	14	20	1
P	1	14	21	1
P	1	14	22	1
P	1	14	23	1
P	1	16	14	2
P	1	17	0	1
P	1	17	1	1
P	1	17	2	1
P	1	17	3	1
P	1	17	4	1
P	1	17	5	1
P	1	17	6	1
P	1	17	7	1
P	1	17	8	1
P	1	17	9	1
P	1	17	10	1
P	1	17	11	1
P	1	17	12	1
P	1	17	13	1
P	1	17	14	1
P	1	17	15	1
P	1	17	16	1
P	1	17	17	1
P	1	17	18	1
P	1	17	19	1
P	1	17	20	1
P	1	17	21	1
P	1	17	22	1
P	1	17	23	1
P	1	19	5	2
P	1	20	11	1
P	1	20	18	1
P	1	20	19	1
P	1	21	17	1
P	1	21	18	1
P	1	21	19	1
P	1	21	21	1
P	1	21	22	1
P	1	22	7	2
P	1	24	15	2
P	1	25	11	2
P	1	26	0	1
P	1	26	1	1
P	1	26	2	1
P	1	26	3	1
P	1	26	4	1
P	1	26	5	1
P	1	26	6	1
P	1	26	7	1
P	1	26	8	1
P	1	26	9	1
P	1	26	10	1
P	1	26	11	1
P	1	26	12	1
P	1	26	13	1
P	1	26	14	1
P	1	26	15	1
P	1	26	16	1
P	1	26	17	1
P	1	26	18	1
P	1	26	19	1
P	1	26	20	1
P	1	26	21	1
P	1	26	22	1
P	1	26	23	1
P	1	27	13	2
P	1	28	4	2
P	1	29	11	2
P	1	33	13	2
P	1	34	0	1
P	1	34	1	1
P	1	34	2	1
P	1	34	3	1
P	1	34	4	1
P	1	34	5	1
P	1	34	6	1
P	1	34	7	1
P	1	34	8	1
P	1	34	9	1
P	1	34	10	1
P	1	34	11	1
P	1	34	12	1
P	1	34	13	1
P	1	34	14	1
P	1	34	15	1
P	1	34	16	1
P	1	34	17	1
P	1	34	18	1
P	1	34	19	1
P	1	34	20	1
P	1	34	21	1
P	1	34	22	1
P	1	34	23	1
P	1	35	13	2
P	1	36	23	2
P	2	1	0	1
P	2	1	1	1
P	2	1	2	1
P	2	1	3	1
P	2	1	4	1
P	2	1	5	1
P	2	1	6	1
P	2	1	7	1
P	2	1	8	1
P	2	1	9	1
P	2	1	10	1
P	2	1	11	1
P	2	1	12	1
P	2	1	13	1
P	2	1	14	1
P	2	1	15	1
P	2	1	16	1
P	2	1	17	1
P	2	1	18	1
P	2	1	19	1
P	2	1	20	1
P	2	1	21	1
P	2	1	22	1
P	2	1	23	1
P	2	2	6	2
P	2	3	8	1
P	2	4	15	2
P	2	5	12	2
P	2	7	4	2
P	2	10	21	2
P	2	11	16	2
P	2	13	13	2
P	2	14	14	2
P	2	15	11	2
P	2	16	22	2
P	2	20	0	1
P	2	20	1	1
P	2	20	2	1
P	2	20	3	1
P	2	20	4	1
P	2	20	5	1
P	2	20	6	1
P	2	20	7	1
P	2	20	8	1
P	2	20	9	1
P	2	20	10	1
P	2	20	11	1
P	2	20	12	1
P	2	20	13	1
P	2	20	14	1
P	2	20	15	1
P	2	20	16	1
P	2	20	17	1
P	2	20	18	1
P	2	20	19	1
P	2	20	20	1
P	2	20	21	1
P	2	20	22	1
P	2	20	23	1
P	2	21	17	2
P	2	22	22	2
P	2	23	13	2
P	2	24	23	2
P	2	25	11	2
P	2	27	13	2
P	2	28	15	2
P	2	33	13	2
P	2	34	12	1
P	2	36	23	1
