region	layer	chamber	VFAT	reason_mask
M	1	1	11	2
M	1	5	8	1
M	1	8	23	2
M	1	10	20	2
M	1	12	6	2
M	1	14	0	2
M	1	14	17	2
M	1	15	0	2
M	1	17	21	2
M	1	19	23	2
M	1	20	6	2
M	1	21	16	2
M	1	22	0	1
M	1	22	1	1
M	1	22	3	1
M	1	22	4	1
M	1	22	8	1
M	1	22	16	1
M	1	22	23	2
M	1	25	7	2
M	1	26	7	1
M	1	26	12	1
M	1	26	13	1
M	1	26	14	1
M	1	26	15	1
M	1	26	23	1
M	1	27	13	2
M	1	29	9	1
M	1	29	10	1
M	1	29	11	1
M	1	29	17	1
M	1	29	18	1
M	1	29	19	1
M	1	29	20	1
M	1	29	21	1
M	1	29	22	1
M	1	33	15	1
M	1	33	7	2
M	1	35	22	2
M	1	36	7	1
M	2	1	8	2
M	2	3	4	2
M	2	4	23	2
M	2	5	4	2
M	2	9	11	2
M	2	14	0	1
M	2	14	1	1
M	2	14	2	1
M	2	14	3	1
M	2	14	4	1
M	2	14	5	1
M	2	14	6	1
M	2	14	7	1
M	2	14	8	1
M	2	14	9	1
M	2	14	10	1
M	2	14	11	1
M	2	14	12	1
M	2	14	13	1
M	2	14	14	1
M	2	14	15	1
M	2	14	16	1
M	2	14	17	1
M	2	14	18	1
M	2	14	19	1
M	2	14	20	1
M	2	14	21	1
M	2	14	22	1
M	2	14	23	1
M	2	15	11	2
M	2	18	22	2
M	2	20	22	2
M	2	22	22	2
M	2	23	9	1
M	2	23	10	1
M	2	23	11	1
M	2	23	17	1
M	2	23	18	1
M	2	23	19	1
M	2	23	20	1
M	2	23	21	1
M	2	23	22	1
M	2	28	7	2
M	2	29	0	1
M	2	29	1	1
M	2	29	2	1
M	2	29	3	1
M	2	29	4	1
M	2	29	5	1
M	2	29	6	1
M	2	29	7	1
M	2	29	8	1
M	2	29	9	1
M	2	29	10	1
M	2	29	11	1
M	2	29	12	1
M	2	29	13	1
M	2	29	14	1
M	2	29	15	1
M	2	29	16	1
M	2	29	17	1
M	2	29	18	1
M	2	29	19	1
M	2	29	20	1
M	2	29	21	1
M	2	29	22	1
M	2	29	23	1
M	2	31	13	2
M	2	32	23	2
M	2	33	5	2
M	2	36	22	2
P	1	1	13	2
P	1	2	0	1
P	1	2	1	1
P	1	2	2	1
P	1	2	3	1
P	1	2	4	1
P	1	2	5	1
P	1	2	6	1
P	1	2	7	1
P	1	2	8	1
P	1	2	9	1
P	1	2	10	1
P	1	2	11	1
P	1	2	12	1
P	1	2	13	1
P	1	2	14	1
P	1	2	15	1
P	1	2	16	1
P	1	2	17	1
P	1	2	18	1
P	1	2	19	1
P	1	2	20	1
P	1	2	21	1
P	1	2	22	1
P	1	2	23	1
P	1	3	19	2
P	1	4	14	2
P	1	5	6	2
P	1	7	3	1
P	1	7	7	1
P	1	7	12	1
P	1	7	13	1
P	1	7	14	1
P	1	7	15	1
P	1	7	23	1
P	1	8	7	2
P	1	12	7	2
P	1	13	4	2
P	1	16	14	2
P	1	17	11	2
P	1	19	5	2
P	1	20	1	2
P	1	21	17	1
P	1	21	18	1
P	1	21	19	1
P	1	21	21	1
P	1	21	22	1
P	1	22	7	2
P	1	24	6	2
P	1	24	15	2
P	1	24	22	2
P	1	25	11	2
P	1	26	0	1
P	1	26	1	1
P	1	26	2	1
P	1	26	3	1
P	1	26	4	1
P	1	26	5	1
P	1	26	6	1
P	1	26	8	1
P	1	26	16	1
P	1	27	0	1
P	1	27	1	1
P	1	27	2	1
P	1	27	3	1
P	1	27	4	1
P	1	27	5	1
P	1	27	6	1
P	1	27	7	1
P	1	27	8	1
P	1	27	9	1
P	1	27	10	1
P	1	27	11	1
P	1	27	12	1
P	1	27	13	1
P	1	27	14	1
P	1	27	15	1
P	1	27	16	1
P	1	27	17	1
P	1	27	18	1
P	1	27	19	1
P	1	27	20	1
P	1	27	21	1
P	1	27	22	1
P	1	27	23	1
P	1	28	4	2
P	1	33	13	2
P	1	34	14	2
P	1	35	13	2
P	1	36	23	2
P	2	1	13	2
P	2	2	6	2
P	2	4	15	2
P	2	5	12	2
P	2	6	6	2
P	2	7	4	2
P	2	8	6	2
P	2	10	21	2
P	2	11	16	2
P	2	13	13	2
P	2	14	14	2
P	2	15	11	2
P	2	16	0	1
P	2	16	1	1
P	2	16	2	1
P	2	16	3	1
P	2	16	4	1
P	2	16	5	1
P	2	16	6	1
P	2	16	7	1
P	2	16	8	1
P	2	16	9	1
P	2	16	10	1
P	2	16	11	1
P	2	16	12	1
P	2	16	13	1
P	2	16	14	1
P	2	16	15	1
P	2	16	16	1
P	2	16	17	1
P	2	16	18	1
P	2	16	19	1
P	2	16	20	1
P	2	16	21	1
P	2	16	22	1
P	2	16	23	1
P	2	20	23	2
P	2	21	17	2
P	2	22	22	2
P	2	23	13	2
P	2	24	0	1
P	2	24	1	1
P	2	24	2	1
P	2	24	3	1
P	2	24	4	1
P	2	24	5	1
P	2	24	6	1
P	2	24	7	1
P	2	24	8	1
P	2	24	9	1
P	2	24	10	1
P	2	24	11	1
P	2	24	12	1
P	2	24	13	1
P	2	24	14	1
P	2	24	15	1
P	2	24	16	1
P	2	24	17	1
P	2	24	18	1
P	2	24	19	1
P	2	24	20	1
P	2	24	21	1
P	2	24	22	1
P	2	24	23	1
P	2	25	11	2
P	2	28	15	2
P	2	33	13	2
P	2	35	22	2
P	2	36	23	1
