region	layer	chamber	VFAT	reason_mask
M	1	1	11	2
M	1	2	22	2
M	1	3	3	2
M	1	3	7	2
M	1	3	12	2
M	1	4	1	1
M	1	4	8	1
M	1	4	6	2
M	1	4	14	2
M	1	4	22	2
M	1	6	1	2
M	1	6	22	2
M	1	8	5	2
M	1	8	6	2
M	1	8	7	2
M	1	8	15	2
M	1	8	16	2
M	1	8	23	2
M	1	9	19	2
M	1	12	23	2
M	1	14	0	2
M	1	14	5	2
M	1	14	14	2
M	1	14	15	2
M	1	14	21	2
M	1	14	23	2
M	1	17	21	2
M	1	18	0	1
M	1	18	1	1
M	1	18	2	1
M	1	18	3	1
M	1	18	4	1
M	1	18	5	1
M	1	18	6	1
M	1	18	8	1
M	1	18	16	1
M	1	18	17	2
M	1	18	21	2
M	1	18	22	2
M	1	18	23	2
M	1	19	23	2
M	1	20	6	2
M	1	20	7	2
M	1	20	22	2
M	1	21	19	2
M	1	22	0	1
M	1	22	1	1
M	1	22	2	1
M	1	22	3	1
M	1	22	4	1
M	1	22	5	1
M	1	22	6	1
M	1	22	7	1
M	1	22	8	1
M	1	22	9	1
M	1	22	10	1
M	1	22	11	1
M	1	22	12	1
M	1	22	13	1
M	1	22	14	1
M	1	22	15	1
M	1	22	16	1
M	1	22	17	1
M	1	22	18	1
M	1	22	19	1
M	1	22	20	1
M	1	22	21	1
M	1	22	22	1
M	1	22	23	1
M	1	23	12	2
M	1	24	6	2
M	1	25	6	2
M	1	26	7	1
M	1	26	12	1
M	1	26	13	1
M	1	26	14	1
M	1	26	15	1
M	1	26	23	1
M	1	26	6	2
M	1	26	22	2
M	1	27	11	2
M	1	28	6	2
M	1	28	7	2
M	1	28	14	2
M	1	28	22	2
M	1	29	0	1
M	1	29	1	1
M	1	29	2	1
M	1	29	3	1
M	1	29	4	1
M	1	29	5	1
M	1	29	6	1
M	1	29	7	1
M	1	29	8	1
M	1	29	9	1
M	1	29	10	1
M	1	29	11	1
M	1	29	12	1
M	1	29	13	1
M	1	29	14	1
M	1	29	15	1
M	1	29	16	1
M	1	29	17	1
M	1	29	18	1
M	1	29	19	1
M	1	29	20	1
M	1	29	21	1
M	1	29	22	1
M	1	29	23	1
M	1	30	7	2
M	1	30	14	2
M	1	30	22	2
M	1	30	23	2
M	1	32	6	2
M	1	32	7	2
M	1	32	23	2
M	1	33	7	2
M	1	34	6	2
M	1	34	21	2
M	1	34	22	2
M	1	35	11	2
M	1	36	7	1
M	2	1	11	2
M	2	3	4	2
M	2	3	23	2
M	2	4	6	2
M	2	4	22	2
M	2	6	6	2
M	2	6	14	2
M	2	6	23	2
M	2	7	12	2
M	2	9	3	2
M	2	9	11	2
M	2	10	6	2
M	2	10	22	2
M	2	12	6	2
M	2	13	11	2
M	2	14	0	1
M	2	14	1	1
M	2	14	2	1
M	2	14	3	1
M	2	14	4	1
M	2	14	5	1
M	2	14	6	1
M	2	14	7	1
M	2	14	8	1
M	2	14	9	1
M	2	14	10	1
M	2	14	11	1
M	2	14	12	1
M	2	14	13	1
M	2	14	14	1
M	2	14	15	1
M	2	14	16	1
M	2	14	17	1
M	2	14	18	1
M	2	14	19	1
M	2	14	20	1
M	2	14	21	1
M	2	14	22	1
M	2	14	23	1
M	2	15	11	2
M	2	17	12	2
M	2	18	6	2
M	2	18	14	2
M	2	18	22	2
M	2	18	23	2
M	2	19	11	2
M	2	20	6	2
M	2	20	7	2
M	2	20	22	2
M	2	20	23	2
M	2	22	22	2
M	2	22	23	2
M	2	23	9	1
M	2	23	10	1
M	2	23	11	1
M	2	23	17	1
M	2	23	19	1
M	2	23	20	1
M	2	23	21	1
M	2	23	22	1
M	2	23	3	2
M	2	24	7	2
M	2	26	6	2
M	2	26	14	2
M	2	26	22	2
M	2	26	23	2
M	2	27	11	2
M	2	27	14	2
M	2	28	9	1
M	2	28	10	1
M	2	28	17	1
M	2	28	18	1
M	2	28	19	1
M	2	28	20	1
M	2	28	21	1
M	2	28	22	1
M	2	28	6	2
M	2	28	7	2
M	2	28	14	2
M	2	28	23	2
M	2	29	12	2
M	2	30	7	2
M	2	30	15	2
M	2	30	22	2
M	2	30	23	2
M	2	31	11	2
M	2	31	15	2
M	2	31	23	2
M	2	32	7	2
M	2	32	22	2
M	2	32	23	2
M	2	34	6	2
M	2	34	14	2
M	2	34	15	2
M	2	36	22	2
P	1	1	11	2
P	1	2	0	1
P	1	2	1	1
P	1	2	2	1
P	1	2	3	1
P	1	2	4	1
P	1	2	5	1
P	1	2	6	1
P	1	2	7	1
P	1	2	8	1
P	1	2	9	1
P	1	2	10	1
P	1	2	11	1
P	1	2	12	1
P	1	2	13	1
P	1	2	14	1
P	1	2	15	1
P	1	2	16	1
P	1	2	17	1
P	1	2	18	1
P	1	2	19	1
P	1	2	20	1
P	1	2	21	1
P	1	2	22	1
P	1	2	23	1
P	1	4	5	2
P	1	4	6	2
P	1	4	14	2
P	1	4	20	2
P	1	4	23	2
P	1	5	11	2
P	1	6	5	2
P	1	6	6	2
P	1	6	14	2
P	1	6	15	2
P	1	6	21	2
P	1	6	22	2
P	1	6	23	2
P	1	7	7	1
P	1	7	12	1
P	1	7	13	1
P	1	7	14	1
P	1	7	15	1
P	1	7	23	1
P	1	8	7	2
P	1	8	22	2
P	1	9	14	2
P	1	9	15	2
P	1	10	6	2
P	1	10	7	2
P	1	10	22	2
P	1	12	7	2
P	1	13	4	2
P	1	16	14	2
P	1	17	11	2
P	1	17	14	2
P	1	18	6	2
P	1	18	14	2
P	1	18	22	2
P	1	18	23	2
P	1	19	5	2
P	1	20	1	2
P	1	21	17	1
P	1	21	18	1
P	1	21	19	1
P	1	21	21	1
P	1	21	22	1
P	1	22	7	2
P	1	22	23	2
P	1	24	6	2
P	1	24	7	2
P	1	24	15	2
P	1	24	22	2
P	1	25	11	2
P	1	25	14	2
P	1	26	0	1
P	1	26	1	1
P	1	26	2	1
P	1	26	3	1
P	1	26	4	1
P	1	26	5	1
P	1	26	6	1
P	1	26	7	1
P	1	26	8	1
P	1	26	9	1
P	1	26	10	1
P	1	26	11	1
P	1	26	12	1
P	1	26	13	1
P	1	26	14	1
P	1	26	15	1
P	1	26	16	1
P	1	26	17	1
P	1	26	18	1
P	1	26	19	1
P	1	26	20	1
P	1	26	21	1
P	1	26	22	1
P	1	26	23	1
P	1	27	0	1
P	1	27	1	1
P	1	27	2	1
P	1	27	3	1
P	1	27	4	1
P	1	27	5	1
P	1	27	6	1
P	1	27	8	1
P	1	27	16	1
P	1	28	4	2
P	1	28	6	2
P	1	28	14	2
P	1	28	15	2
P	1	28	22	2
P	1	29	11	2
P	1	30	14	2
P	1	32	6	2
P	1	32	7	2
P	1	32	22	2
P	1	34	14	2
P	1	35	11	2
P	2	1	3	2
P	2	2	6	2
P	2	3	7	2
P	2	4	6	2
P	2	4	7	2
P	2	4	14	2
P	2	4	15	2
P	2	4	22	2
P	2	4	23	2
P	2	5	12	2
P	2	6	6	2
P	2	7	4	2
P	2	7	6	2
P	2	8	6	2
P	2	8	21	2
P	2	8	22	2
P	2	10	6	2
P	2	10	14	2
P	2	10	21	2
P	2	10	22	2
P	2	11	16	2
P	2	12	5	2
P	2	13	7	2
P	2	14	6	2
P	2	14	7	2
P	2	14	14	2
P	2	14	22	2
P	2	15	11	2
P	2	15	12	2
P	2	16	0	1
P	2	16	1	1
P	2	16	2	1
P	2	16	3	1
P	2	16	4	1
P	2	16	5	1
P	2	16	6	1
P	2	16	7	1
P	2	16	8	1
P	2	16	9	1
P	2	16	10	1
P	2	16	11	1
P	2	16	12	1
P	2	16	13	1
P	2	16	14	1
P	2	16	15	1
P	2	16	16	1
P	2	16	17	1
P	2	16	18	1
P	2	16	19	1
P	2	16	20	1
P	2	16	21	1
P	2	16	22	1
P	2	16	23	1
P	2	18	22	1
P	2	20	9	1
P	2	20	10	1
P	2	20	11	1
P	2	20	17	1
P	2	20	18	1
P	2	20	19	1
P	2	20	20	1
P	2	20	21	1
P	2	20	22	1
P	2	20	7	2
P	2	20	23	2
P	2	21	14	2
P	2	21	17	2
P	2	22	22	2
P	2	22	23	2
P	2	23	13	2
P	2	24	0	1
P	2	24	1	1
P	2	24	2	1
P	2	24	3	1
P	2	24	4	1
P	2	24	5	1
P	2	24	6	1
P	2	24	7	1
P	2	24	8	1
P	2	24	9	1
P	2	24	10	1
P	2	24	11	1
P	2	24	12	1
P	2	24	13	1
P	2	24	14	1
P	2	24	15	1
P	2	24	16	1
P	2	24	17	1
P	2	24	18	1
P	2	24	19	1
P	2	24	20	1
P	2	24	21	1
P	2	24	22	1
P	2	24	23	1
P	2	25	2	1
P	2	25	7	2
P	2	25	11	2
P	2	25	12	2
P	2	25	21	2
P	2	25	23	2
P	2	26	7	2
P	2	26	14	2
P	2	27	12	2
P	2	28	15	2
P	2	28	16	2
P	2	28	23	2
P	2	29	11	2
P	2	30	3	2
P	2	30	5	2
P	2	30	6	2
P	2	30	7	2
P	2	30	14	2
P	2	30	15	2
P	2	30	16	2
P	2	30	17	2
P	2	30	21	2
P	2	30	22	2
P	2	30	23	2
P	2	35	11	2
P	2	35	12	2
P	2	35	22	2
P	2	36	23	1
P	2	36	7	2
P	2	36	11	2
P	2	36	14	2
